567
36
6
28
45
36
-210
-10
-465
530
496
528
153
496
6
78
28
496
435
-684
-120
-36
-28
-496
-28
-496
-496
-630
-136
-1
-28
-78
877
21
210
378
-921
-561
-15
183
45
10
6
861
28
6
153
136
6
595
78
6
45
66
300
28
120
465
300
-331
-325
-990
-28
-120
-703
-6
-406
-1
-496
369
325
-771
543
820
378
378
28
820
496
496
120
-522
-28
-435
-120
-10
-28
-21
-780
-496
-91
-36
-946
-28
-6
-496
674
6
861
496
6
496
820
28
276
15
-612
-496
-946
-780
-120
-45
-903
667
-3
-378
265
28
496
21
496
28
28
300
78
-435
-6
-6
-595
-78
-496
-6
-21
-10
-171
28
28
903
276
6
528
780
496
28
55
1
153
10
36
28
28
741
231
6
528
-6
-253
-561
-36
-666
-136
-496
-666
-136
-378
-595
-120
-21
-253
-28
-496
36
210
-167
-6
-6
-28
-66
175
-153
6
28
496
496
-323
-703
574
210
28
28
21
496
28
3
666
253
741
-494
-6
-15
-780
-15
-6
-496
-496
-210
-378
21
210
15
171
820
28
136
-944
-861
470
-280
-28
-153
18
-6
866
-798
-36
28
28
325
6
630
703
28
6
528
55
190
496
28
-3
-990
-325
-66
-28
-990
-6
-171
-6
-6
-6
-703
51
-21
-28
320
21
66
190
496
496
-77
-6
-28
-861
-300
-6
-55
-595
0
